0.000000
0.000000
0.000000
0.000000
0.000000
0.000000
0.000000
0.000000
0.000000
0.000000
0.000000
0.000000
0.000000
1.936998
0.860542
3.077151
2.810190
3.548467
3.014863
3.805097
3.631659
4.526199
3.851213
5.040713
3.905291
4.871976
4.224921
5.030742
4.321478
5.084508
5.190259
5.163315
5.396445
4.866443
5.562630
4.871497
5.834085
4.983230
5.929053
4.058413
5.511531
2.849426
3.651144
0.812189
1.619943
1.072874
1.033008
0.795805
1.426846
1.667315
3.224051
3.485928
4.962238
5.460604
6.035643
5.381049
6.083865
5.394367
5.614993
5.495486
5.232214
5.612281
5.113515
6.194758
3.491884
6.107690
4.317032
6.221620
5.048038
6.129597
5.379208
5.826533
6.109468
5.753726
6.888218
5.562362
6.907980
6.781070
6.917498
7.110225
6.693206
7.173842
6.146650
6.746681
6.257209
5.596109
5.938311
4.885498
5.251314
4.351892
4.542160
4.422731
4.298152
4.807471
4.489417
5.408231
5.399340
6.027784
6.978945
6.332538
6.924411
7.060551
5.542137
6.693359
6.765791
5.391437
6.519151
6.535043
4.770293
6.127474
6.337921
6.227172
4.869758
6.314315
6.143567
5.958277
5.716495
5.083423
4.895638
3.678031
1.167879
0.000000
0.000000
0.000000
0.000000
0.000000
0.000000
0.000000
0.000000
0.000000
0.000000
0.000000
0.000000
0.000000
0.000000
0.000000
0.000000
0.000000
0.000000
0.000000
0.000000
0.000000
0.813313
0.978558
1.247906
1.236927
0.524192
0.000000
0.000000
0.000000
0.000000
0.288229
0.529002
0.324755
1.514493
2.342720
3.291384
3.922018
4.054703
4.642185
4.429281
4.471604
4.629921
4.458844
4.325141
4.754751
4.572311
4.724282
4.384242
5.053389
5.150362
5.808736
7.176950
7.657476
7.811566
7.691278
7.668846
7.557554
7.460040
7.409405
7.174507
7.074686
7.231914
7.497812
7.650711
7.437371
7.397209
6.968734
6.693370
6.072351
4.572624
1.821237
0.495889
0.019093
0.000000
0.000000
0.000000
0.000000
0.000000
0.000000
0.000000
0.000000
0.000000
0.000000
0.000000
0.000000
0.000000
0.000000
0.000000
0.000000
0.000000
0.000000
0.000000
0.000000
0.000000
0.000000
0.000000
0.000000
0.000000
0.000000
1.025205
3.410179
4.231042
4.731030
5.283541
5.110038
5.117868
5.625512
4.967601
5.158396
3.585290
1.544855
0.000000
0.000000
0.000000
0.000000
0.000000
0.000000
0.000000
0.000000
0.463187
1.171274
1.156904
1.038560
0.633875
2.868490
4.051850
4.673304
4.724243
4.817936
4.772565
4.748715
4.572381
4.768737
4.704770
4.607844
4.963293
4.916419
5.069123
5.134338
5.614743
5.809816
5.843278
5.707983
5.835916
5.873715
6.113407
6.033697
5.916282
6.341806
6.328583
6.621345
6.486820
6.821195
6.870977
7.134838
6.877502
6.872555
6.926492
6.840752
6.929422
6.750902
6.782709
6.887087
6.902400
6.842445
6.923752
7.320257
7.693156
7.887580
8.112860
8.066356
8.088449
8.050126
7.914816
7.993120
7.997884
7.976234
8.148052
8.158668
8.152098
8.306556
8.186054
8.167686
8.277464
8.137082
8.175371
8.030363
8.001356
8.250381
8.047508
8.097149
7.939008
7.934543
8.053389
7.992510
7.949263
8.143995
8.468101
8.576425
8.713082
8.877111
8.755726
8.642052
8.285593
8.051696
7.294262
6.593347
6.723553
5.556925
1.799081
1.083450
0.686056
0.000000
0.000000
0.000000
0.000000
0.000000
0.000000
0.000000
0.000000
0.000000
0.000000
0.000000
0.000000
0.000000
0.000000
0.000000
0.000000
0.000000
1.609082
2.809593
1.180909
1.315742
1.947490
1.204788
1.013239
0.000000
1.238977
2.333283
3.264278
3.862622
4.223519
4.580949
4.361906
4.268049
4.047242
3.920299
3.707688
4.028151
3.891962
0.275860
0.000000
0.000000
0.000000
0.000000
0.000000
0.718742
1.281960
0.781756
0.216171
0.659039
1.169616
0.345079
0.877685
0.000000
0.000000
0.000000
0.000000
0.000000
0.000000
0.000000
0.438833
0.971987
0.821178
0.819088
1.319961
2.583223
4.060817
4.540370
4.622774
4.880262
5.700141
5.949658
6.253270
6.651416
6.769184
6.627452
6.549014
6.549792
6.710976
6.615461
6.465661
6.196931
5.646354
5.164048
3.993831
3.755522
3.885840
3.744442
3.791017
3.327986
3.319688
3.149112
2.377146
2.061256
2.032555
1.008974
0.000000
0.000000
0.000000
0.000000
0.000000
0.000000
0.000000
0.000000
0.000000
0.000000
0.000000
0.000000
0.000000
0.000000
0.000000
0.000000
0.569570
0.919971
0.874051
2.452764
1.650335
3.833924
2.647822
3.647449
3.487981
5.002431
5.229061
5.649275
6.533381
6.475859
7.061408
7.451368
7.675371
7.971688
7.768214
7.980257
8.034994
8.038666
8.032245
7.729517
7.647186
7.487057
6.922373
7.564273
7.467389
7.545172
7.706763
7.679817
7.918639
7.328750
7.356141
7.376810
7.089324
7.019356
6.851498
6.646746
6.730497
6.688236
6.085769
5.469085
5.355560
5.390621
5.407239
0.000000
0.000000
0.000000
0.000000
0.000000
0.000000
0.000000
0.000000
0.000000
0.000000
0.000000
0.000000
0.000000
0.000000
0.000000
0.000000
0.000000
0.000000
0.000000
0.000000
0.000000
0.000000
0.000000
0.000000
0.000000
0.000000
0.000000
0.000000
0.000000
0.000000
0.000000
0.000000
0.000000
0.000000
0.000000
0.000000
0.000000
0.000000
0.000000
0.000000
0.000000
0.000000
0.000000
0.000000
0.000000
0.000000
0.000000
0.000000
0.000000
0.000000
0.000000
0.000000
0.000000
0.000000
0.000000
0.000000
0.000000
0.000000
0.000000
0.000000
0.000000
0.000000
0.000000
0.000000
0.000000
0.000000
0.000000
0.000000
0.000000
0.000000
0.000000
0.000000
0.000000
0.000000
0.000000
0.000000
0.000000
0.000000
0.000000
0.000000
0.000000
0.000000
0.000000
0.000000
0.000000
0.000000
0.000000
0.000000
0.000000
0.000000
0.000000
0.000000
0.000000
0.000000
0.000000
0.000000
0.000000
0.000000
0.000000
0.000000
0.000000
0.000000
0.000000
0.000000
0.000000
0.000000
0.000000
0.000000
0.000000
0.000000
0.000000
0.000000
0.000000
0.000000
0.000000
0.000000
0.000000
0.000000
0.000000
0.000000
0.000000
0.000000
0.000000
0.000000
0.000000
0.000000
0.000000
0.000000
0.000000
0.000000
0.000000
0.000000
0.000000
0.000000
0.000000
0.000000
0.000000
0.000000
0.000000
0.000000
0.000000
0.000000
0.000000
0.000000
0.000000
0.000000
0.000000
0.000000
0.000000
0.000000
0.000000
0.000000
0.000000
0.000000
0.000000
0.000000
0.000000
0.000000
0.000000
0.000000
0.000000
0.000000
0.000000
0.000000
0.000000
0.000000
0.000000
0.000000
0.000000
0.000000
0.000000
0.000000
0.000000
0.000000
0.000000
0.000000
0.000000
0.000000
0.000000
0.000000
0.000000
0.000000
0.000000
0.000000
0.000000
0.000000
0.000000
0.000000
0.000000
0.000000
0.000000
0.000000
0.000000
0.000000
0.000000
0.000000
0.000000
0.000000
0.000000
0.000000
0.000000
0.000000
0.000000
0.000000
0.000000
0.000000
0.000000
0.000000
0.000000
0.000000
0.000000
0.000000
0.000000
0.000000
0.000000
0.000000
0.000000
0.000000
0.000000
0.000000
0.000000
0.000000
0.000000
0.000000
0.000000
0.000000
0.000000
0.000000
0.000000
0.000000
0.000000
0.000000
0.000000
0.000000
0.000000
0.000000
0.000000
0.000000
0.000000
0.000000
0.000000
0.000000
0.000000
0.000000
0.000000
0.000000
0.000000
0.000000
0.000000
0.000000
0.000000
0.000000
0.000000
0.000000
0.000000
0.000000
0.000000
0.000000
0.000000
0.000000
0.000000
0.000000
0.000000
0.000000
0.000000
0.000000
0.000000
0.000000
0.000000
0.000000
0.000000
0.000000
0.000000
0.000000
0.000000
0.000000
0.000000
0.000000
0.000000
0.000000
0.000000
0.000000
0.000000
0.000000
0.000000
0.000000
0.000000
0.000000
0.000000
0.000000
0.000000
0.000000
0.000000
0.000000
0.000000
0.000000
0.000000
0.000000
0.000000
0.000000
0.000000
0.000000
0.000000
0.000000
0.000000
0.000000
0.000000
0.000000
0.000000
0.000000
0.000000
0.000000
0.000000
0.000000
0.000000
0.000000
0.000000
0.000000
0.000000
0.000000
0.000000
0.000000
0.000000
0.000000
0.000000
0.000000
0.000000
0.000000
0.000000
0.000000
0.000000
0.000000
0.000000
0.000000
0.000000
0.000000
0.000000
0.000000
0.000000
0.000000
0.000000
0.000000
0.000000
0.000000
0.000000
0.000000
0.000000
0.000000
0.000000
0.000000
0.000000
0.000000
0.000000
0.000000
0.000000
0.000000
0.000000
0.000000
0.000000
0.000000
0.000000
0.000000
0.000000
0.000000
0.000000
0.000000
0.000000
0.000000
0.000000
0.000000
0.000000
0.000000
0.000000
0.000000
0.000000
0.000000
0.000000
0.000000
0.000000
0.000000
0.000000
0.000000
0.000000
0.000000
0.000000
0.000000
0.000000
0.000000
0.000000
0.000000
0.000000
0.000000
0.000000
0.000000
0.000000
0.000000
0.000000
0.000000
0.000000
0.000000
0.000000
0.000000
0.000000
0.000000
0.000000
0.000000
0.000000
0.000000
0.000000
0.000000
0.000000
0.000000
0.000000
0.000000
0.000000
0.000000
0.000000
0.000000
0.000000
0.000000
0.000000
0.000000
0.000000
0.000000
0.000000
0.000000
0.000000
0.000000
0.000000
0.000000
0.000000
0.000000
0.000000
0.000000
0.000000
0.000000
0.000000
0.000000
0.000000
0.000000
0.000000
0.000000
0.000000
0.000000
0.000000
0.000000
0.000000
0.000000
0.000000
0.000000
0.000000
0.000000
0.000000
0.000000
0.000000
0.000000
0.000000
0.000000
0.000000
0.000000
0.000000
0.000000
0.000000
0.000000
0.000000
0.000000
0.000000
0.000000
0.000000
0.000000
0.000000
0.000000
0.000000
0.000000
0.000000
0.000000
0.000000
0.000000
0.000000
0.000000
0.000000
0.000000
0.000000
0.000000
0.000000
0.000000
0.000000
0.000000
0.000000
0.000000
0.000000
0.000000
0.000000
0.000000
0.000000
0.000000
0.000000
0.000000
0.000000
0.000000
0.000000
0.000000
0.000000
0.000000
0.000000
0.000000
0.000000
0.000000
0.000000
0.000000
0.000000
0.000000
0.000000
0.000000
0.000000
0.000000
0.000000
0.000000
0.000000
0.000000
0.000000
0.000000
0.000000
0.000000
0.000000
0.000000
0.000000
0.000000
0.000000
0.000000
0.000000
0.000000
0.000000
